public/data/projects/hmf/hmfheatmap.asc
ncols 320
nrows 240
xllcorner 4.1
yllcorner 51.95
NODATA_value  -1
[rows 140 to 159 of 240, columns 176 to 219 of 320]
95.59881463646889 41.65432523004711 37.86771658342332 39.24273923039436 53.66107595618814 11.116628488525748 36.746047833003104 9.817848005332053 19.723015930503607 90.08915324229747 90.09258712176234 91.98640193790197 33.87973513454199 65.28786530252546 48.00795551855117 87.81690255273134 33.10782315675169 43.273868365213275 10.478561907075346 34.04032161924988 31.581170577555895 16.88140861224383 69.48349354788661 72.71075502503663 74.20860605780035 91.48549777455628 78.19455696735531 56.93969738204032 44.25376958679408 6.992314709350467 70.31206281390041 8.786203246563673 31.11785773653537 46.409308654256165 46.262378338724375 9.355914266780019 86.32670780643821 71.15555796772242 44.52624435070902 7.967217173427343 50.297054718248546 39.44103620015085 33.58900935854763 96.11780454870313
1.7681484809145331 73.88530340977013 39.508312940597534 50.588841596618295 2.834409731440246 2.9531356412917376 35.72078316938132 19.778446317650378 15.144167840480804 30.52764011081308 1.1693242704495788 82.28187540080398 35.66033677197993 68.65141016896814 84.05669752974063 50.21323736291379 47.23796327598393 90.31229526735842 41.86710885260254 88.03571730386466 93.08915899600834 96.68680895119905 70.42093051131815 14.297822443768382 3.0351344030350447 24.49965861160308 27.032440528273582 74.67647991143167 97.46643796097487 23.78195379860699 95.0489753857255 31.41029595863074 52.36704789567739 79.1283188154921 83.27524710912257 67.15704128146172 63.30291796475649 64.57604230381548 8.186373650096357 17.482823692262173 2.6162147289142013 59.68750745523721 44.334629527293146 65.86286358069628
97.41466012783349 87.75299566332251 91.21289269533008 84.8570756148547 72.49604274984449 26.815268537029624 81.23335188720375 42.24979917053133 63.43779501039535 78.743866388686 53.399011585861444 89.98883329331875 11.105213477276266 26.647670892998576 38.06798930745572 66.64517719764262 6.968987919390202 63.79760887939483 61.77371721714735 97.03090561088175 79.42772258538753 87.83706594258547 99.40242865122855 39.61879687849432 38.4431766346097 38.06678669061512 42.378516402095556 90.04726705607027 53.51275643333793 56.46906818728894 36.38145534787327 47.02330590225756 34.88388918340206 55.548399197869 41.762324585579336 80.17202597111464 98.28993247356266 81.5562543226406 66.8595407390967 98.06849090382457 88.7119134189561 96.18692316580564 72.92626048438251 60.690440982580185
59.31381736882031 16.530349082313478 49.44542299490422 90.32650280278176 90.07884396705776 44.44846990518272 10.082374629564583 81.34866950567812 1.0154609335586429 17.593036219477654 81.4779061358422 41.56672661192715 65.82057708874345 51.67015527840704 15.795282670296729 86.75308495294303 48.66288483608514 96.19744443334639 26.976820058189332 3.983308025635779 12.68987930379808 87.53476566635072 33.74625495634973 43.04216052405536 56.404101802036166 50.50066178664565 39.320753584615886 60.22934557404369 21.051008766517043 39.046845911070704 0.038499850779771805 98.53355484083295 33.853428647853434 99.39241567626595 32.186545827426016 29.45306720212102 37.694869632832706 27.075831359252334 76.14218678791076 36.12231237348169 2.9757705749943852 57.553077465854585 55.71130358148366 64.22830068040639
43.29427203629166 1.5266372123733163 23.508349829353392 44.07839656341821 33.96063738036901 10.223363316617906 9.530552360229194 12.734582019038498 86.8966520531103 33.90966933220625 14.119150675833225 74.1345439106226 27.297385572455823 75.34932096023113 30.154285533353686 77.39138749893755 68.96670833230019 90.43797466438264 3.797093010507524 73.73395168688148 16.419783397577703 45.065868948586285 32.01359501108527 5.6962101720273495 9.598028077743948 49.51044088229537 71.41862285789102 66.39242579694837 49.219769216142595 32.32742762193084 74.22933694906533 38.02597150206566 9.410249395295978 74.47949196211994 43.622309085913 22.016204055398703 49.31880943477154 8.37352629750967 69.70003468450159 77.016242290847 11.993883945979178 62.33902792446315 62.0698724873364 33.87948083691299
18.93753733020276 26.694380678236485 93.08180075604469 69.76378441322595 55.80857351887971 28.330600657500327 95.65874952822924 9.788998938165605 13.210115861147642 70.58714341837913 62.583939102478325 7.556847855448723 54.646096704527736 47.378624603152275 50.11033259797841 93.86999323032796 72.19027504324913 99.46337710134685 35.77835049945861 91.7716515948996 39.802000601775944 37.73602966684848 72.73564953356981 33.17198227159679 94.61193322204053 38.1664221175015 46.084772259928286 15.743560972623527 49.82264041900635 85.47483147121966 3.3058776054531336 13.634891691617668 17.026622127741575 78.14746603835374 83.59616606030613 44.32331300340593 52.348292735405266 25.030243839137256 87.12219535373151 9.008853673003614 52.436233940534294 10.986771062016487 97.9230102384463 32.22693661227822
74.87209069076926 44.781850068829954 30.938000045716763 9.942689700983465 74.07616125419736 80.7073094882071 63.750470452941954 29.20094116125256 6.965443701483309 70.96224897541106 28.718816908076406 15.284410724416375 64.05458941590041 86.0104133374989 63.79101723432541 73.47404980100691 28.44202402047813 8.864934160374105 22.690292890183628 99.8820222215727 60.33646590076387 91.0353401210159 58.45655461307615 94.31329045910388 80.36110785324126 24.186316109262407 80.91709546279162 19.1131804138422 32.522473274730146 59.918814548291266 34.32539028581232 89.85271696001291 29.81386836618185 46.296318946406245 10.045886435545981 21.57831243239343 44.25331405363977 69.75119293201715 22.28192451875657 43.52551728952676 46.91377773415297 56.014389148913324 36.10935716424137 49.83424076344818
78.5365043906495 98.39026038534939 96.87167422380298 0.7829356007277966 40.10040848515928 4.977147001773119 26.350076450034976 71.6215210268274 19.062664872035384 94.56972766201943 91.47103179711848 36.191942752338946 45.2152063138783 33.59012301079929 25.217324448749423 65.8888706471771 57.68172184471041 11.504938080906868 25.79676602035761 14.219200261868536 60.15570277813822 93.58718676958233 85.30851751565933 16.581913153640926 91.99067172594368 96.19123765733093 28.85031111072749 88.22307994123548 45.92252289876342 85.7736645732075 94.50545217841864 54.33751584496349 13.95813045091927 63.52466116659343 39.12051024381071 59.792639524675906 52.67794418614358 99.30179207585752 14.181125839240849 92.5880843307823 52.56366478279233 44.95468020904809 33.61175593454391 10.307514760643244
25.567226647399366 78.40186567045748 80.38321398198605 4.970213421620429 27.38555397372693 51.994313672184944 37.679338990710676 58.16088253632188 42.38544872496277 5.622324766591191 64.38361385371536 25.856087845750153 1.7194600543007255 85.17276628408581 42.77508908417076 56.021198304370046 72.52912316471338 96.62563495803624 64.30083129089326 65.26757194660604 71.21560454834253 11.685015237890184 75.88888304308057 64.96320192236453 99.59554665256292 99.78775847703218 75.77529195696115 53.34323290735483 98.75605956185609 65.21194430533797 90.2763040503487 86.53467099647969 34.99521764460951 74.7660513734445 22.840942721813917 41.66009002365172 27.896256209351122 78.47253866493702 46.55633494257927 27.914727036841214 9.95930666103959 48.35989025887102 27.77316162828356 51.876307162456214
32.12966837454587 85.64603349659592 79.73742375615984 69.55797013361007 38.07205925695598 33.473453763872385 32.371276151388884 40.222157747484744 87.08317980635911 97.8871279861778 20.39521092083305 46.932497271336615 79.79007966350764 21.813759999349713 0.22606949787586927 77.71782076451927 48.21473346091807 32.81329481396824 22.640625340864062 98.58855023048818 30.490101827308536 36.33684350643307 42.040355782955885 81.99729470070451 2.235715393908322 27.04859951045364 71.17907383944839 40.891466406174004 75.35038720816374 61.40591592993587 42.40311346948147 36.65393062401563 67.72931134328246 67.3257429851219 85.30215506907552 99.3116938509047 88.22529076132923 20.330604375340044 61.27480997238308 88.78142402973026 24.086527270264924 94.9793154373765 65.96120116300881 97.43107873946428
27.93828488793224 22.07930323202163 72.97950407955796 3.2082887133583426 49.45487261284143 51.731720147654414 11.756603396497667 63.573827291838825 18.88611714821309 28.52204740047455 51.96084505878389 60.24891929700971 82.17791337519884 81.1252293176949 4.157251236028969 63.908447651192546 69.34720065910369 37.11682849097997 11.156346485950053 47.49450841918588 29.027706454508007 66.17042052093893 48.37617932353169 18.354289373382926 22.794917807914317 73.28118733130395 50.701229088008404 47.983325622044504 43.61837974283844 32.191624119877815 24.154984182678163 17.432542494498193 99.12661188282073 40.65044643357396 36.207028245553374 6.350326398387551 85.71582839358598 38.178850710392 63.72990005183965 59.85058860387653 4.889734461903572 63.62259543966502 97.3692711442709 59.99844146426767
84.14751996751875 77.96467614825815 0.6708108121529222 99.04092019423842 95.38899892941117 87.20186399295926 58.9702642057091 37.15662818867713 23.603608878329396 59.59943844936788 81.9474775576964 26.696770964190364 37.92952236253768 63.10273844283074 52.515540830791 56.47264723666012 91.12920328043401 63.1126863649115 32.221751380711794 52.239200519397855 68.3765568304807 36.53065036050975 46.43609458580613 42.960128211416304 74.26830378826708 56.25239508226514 35.443619661964476 54.84404740855098 31.558840931393206 9.931346634402871 54.15439063217491 89.2982967896387 48.55938015971333 26.108211558312178 36.778845405206084 19.19840187765658 33.51689209230244 97.50336443539709 72.73606769740582 49.61537674535066 59.577154368162155 76.43025906290859 44.756074994802475 63.66886312607676
8.439900493249297 70.3106202185154 81.67380471713841 77.55546187981963 26.882411655969918 93.13545373734087 32.72119022440165 84.30259360466152 69.69553453382105 15.371132269501686 43.48758857231587 84.73400133661926 58.439295762218535 62.44093186687678 18.125125276856124 99.92518804501742 29.406645731069148 3.4702174831181765 69.46111528668553 83.8577772025019 73.92745465040207 32.41755662020296 4.210406844504178 13.414447708055377 55.60572762042284 53.78490991424769 44.05726715922356 57.12766041979194 18.78849791828543 66.00771420635283 1.8179181963205338 84.47189533617347 14.980769925750792 4.584610043093562 48.958097491413355 10.84036654792726 55.85243382956833 9.955580742098391 1.02341219317168 35.50998249556869 22.6480983896181 36.88692646101117 71.56877780798823 86.56719659920782
84.87151782028377 30.903479270637035 88.2059674244374 43.85983310639858 90.08987040724605 24.24579591024667 56.545387441292405 3.9084942312911153 72.75630859658122 81.51600304991007 44.53314009588212 48.37560299783945 12.401319295167923 0.05607586354017258 93.8299904577434 43.117584800347686 21.001209574751556 53.96808860823512 35.92870596330613 2.9027438955381513 36.94210995454341 56.55369481537491 72.47065447736531 51.3320640893653 10.049560409970582 5.498896422795951 27.04878591466695 72.07555354107171 17.709890380501747 19.420455978251994 44.963402091525495 89.56261132843792 5.536357429809868 36.71339994762093 30.53906816057861 27.197178755886853 47.58969421964139 39.15989666711539 43.19769341964275 64.07549802679569 78.85172406677157 6.898151827044785 74.11057208664715 12.63662080746144
20.35418173763901 2.2832143818959594 62.95012005139142 64.03735082130879 96.49530171882361 23.480038391426206 47.48596434947103 67.34787039458752 92.4068640684709 93.31138590350747 14.58193357102573 26.490575587376952 5.330336652696133 5.295375338755548 66.70716076623648 25.928364018909633 95.40272618178278 14.691942557692528 7.900663022883236 31.578591116704047 54.66655953787267 39.15038765408099 80.07595292292535 64.34058479499072 76.01593947038054 62.91279320139438 24.044377473182976 17.537000449374318 97.39629745017737 42.52876602113247 2.5067597394809127 85.74365531094372 32.329707965254784 11.787827918305993 35.979319736361504 99.18195491191 36.170492600649595 62.17364959884435 97.46951160486788 75.36547095514834 52.085958840325475 29.08643193077296 40.38626269903034 57.4322551721707
12.891779257915914 29.403358534909785 24.503966374322772 89.30947137996554 32.981965341605246 87.73258905857801 15.836545825004578 39.487156458199024 49.45626861881465 89.22299125697464 99.19763593934476 53.446287009865046 48.47564776428044 30.619040853343904 61.03572421707213 72.29154573287815 6.1963282292708755 16.971877543255687 85.68383143283427 63.356582121923566 32.578072464093566 90.02070371061563 55.608194740489125 29.883200535550714 2.408668282441795 21.521819662302732 24.222914734855294 25.006891670636833 66.71117264777422 86.37446982320398 39.7934342501685 98.69236759841442 33.50855594035238 81.81459449697286 26.009727525524795 57.67421401105821 62.975988048128784 46.97337066754699 34.31769304443151 48.7321846652776 47.304461686871946 0.4157545743510127 96.1695539066568 18.494577147066593
12.755302456207573 77.60802558623254 70.82686731591821 27.13381287176162 30.698402249254286 85.76783940661699 80.27157108299434 98.65096928551793 74.31962196715176 6.968558905646205 38.39872111566365 3.735591727308929 58.95274360664189 11.565504525788128 26.610129792243242 77.9161229962483 31.981311202980578 36.991418921388686 44.926190096884966 6.606409722007811 10.062531218864024 13.286340422928333 46.24040785711259 15.08074167650193 9.831714583560824 61.36758713982999 36.58760313410312 89.9486017646268 63.66727463901043 18.606323190033436 66.4142640773207 47.36415089573711 78.23321910109371 32.59142814204097 41.717066685669124 48.50909528322518 5.134872393682599 89.86906649079174 24.40970349125564 27.736286958679557 85.008274926804 6.192781240679324 65.44752877671272 1.5972951892763376
92.88981719873846 4.3210681062191725 10.886875935830176 68.92007645219564 19.281617971137166 55.4969884455204 2.075794665142894 31.040044804103673 41.471754712983966 18.714394327253103 13.63090225495398 66.24229596927762 37.184444605372846 48.32458207383752 74.98498961795121 88.17896898835897 60.777815291658044 38.66702236700803 60.5813386850059 76.04943099431694 67.13331718929112 21.128967334516346 71.54997671023011 24.581195833161473 3.9956628810614347 32.124215830117464 75.23319425527006 40.600333479233086 21.75126066431403 61.46907135844231 83.14426385331899 96.30145453847945 34.76348186377436 95.68962964694947 89.30339107755572 42.52020241692662 62.72266518790275 75.87898257188499 13.93531677313149 56.77691537421197 82.83397823106498 10.157539090141654 39.97669029049575 79.11582211963832
21.648691035807133 26.531340763904154 50.087425648234785 75.45969854108989 44.76956990547478 11.007287888787687 53.46426707692444 54.35250517912209 77.78226677328348 18.593330774456263 50.205413601361215 91.66977850254625 0.49426467157900333 11.466612643562257 22.27429156191647 89.93213453795761 57.100385217927396 36.20124279987067 0.8296845015138388 48.7575777573511 78.27690548729151 30.810793465934694 35.695980745367706 87.2583961347118 60.47520297579467 91.11678474582732 44.12189747672528 22.886140714399517 31.06616393197328 14.893205091357231 21.730708796530962 96.74591072835028 23.74248879496008 79.55005052499473 68.60059620812535 88.2490178802982 24.55464021768421 40.89352146256715 90.03463587723672 33.01135026849806 10.652350750751793 67.53856493160129 21.222810680046678 49.8683066572994
47.468289686366916 56.2992949038744 80.93045346904546 75.55327382870018 31.46327913273126 82.39895876031369 34.87654698546976 27.723455242812634 40.283923828974366 13.779746321961284 40.80058156978339 36.37441825121641 32.66617925837636 78.26950249727815 88.82617100607604 54.11014286801219 13.167200493626297 12.454945663921535 53.2753252889961 43.31351618748158 31.3290495891124 52.50744961667806 10.172113217413425 6.7493462935090065 86.59078991040587 29.944762983359396 11.396221513859928 64.84365488868207 8.436579466797411 1.9458724418655038 79.60747668985277 8.044546167366207 63.03977600764483 88.80649958737195 92.26904530078173 23.17198005039245 88.98146112915128 17.62311353813857 55.91121984180063 57.26211406290531 43.070913292467594 58.082292042672634 13.264745892956853 74.29029636550695
