public/data/projects/hmf/hmfheatmap.asc
ncols 320
nrows 240
xllcorner 4.1
yllcorner 51.95
NODATA_value  -1
[rows 0 to 19 of 240, columns 132 to 175 of 320]
53.01035677548498 57.13768892455846 86.32074315100908 74.25531107001007 20.57775284629315 14.310486544854939 9.41533304285258 50.48890793696046 6.301297224126756 9.273643186315894 89.7065392229706 9.318682085722685 38.00109920557588 51.367993955500424 60.844471445307136 39.048946858383715 66.01021024398506 62.41506489459425 52.51036789268255 73.7474575638771 77.4248621892184 86.21598407626152 81.53588559944183 5.887889489531517 62.17249114997685 61.626757332123816 27.959433989599347 11.940713040530682 85.937007679604 28.897586441598833 38.26088849455118 33.72581417206675 71.83630056679249 0.22627816069871187 91.4802645565942 75.30536961276084 77.48632221482694 87.10821527056396 75.83666502032429 50.319611467421055 70.78710736241192 4.324735747650266 87.34027538448572 37.47184444218874
57.07688082475215 96.79134078323841 58.81452232133597 33.61167409457266 14.121122332289815 1.5632828697562218 75.76081492006779 51.20406241621822 27.492044866085052 90.52526578307152 60.54704969283193 85.06136871874332 50.613430701196194 83.06403493043035 35.20091320388019 87.8765141358599 2.5361358653753996 48.451094748452306 48.91611321363598 52.58375681005418 90.59034753590822 50.44880828354508 13.333100639283657 82.70044182427227 77.18451148830354 41.845770133659244 99.26276840269566 95.89852036442608 76.13543386105448 45.01186574343592 58.02481696009636 95.87047616951168 42.07131776493043 48.60800704918802 93.48743732552975 66.3664765888825 87.59333128109574 21.464788378216326 29.72922611515969 14.344132482074201 17.187579534947872 94.57137288991362 18.467041477560997 71.36230187024921
20.767508074641228 55.02108442597091 18.8672834308818 68.51922960486263 85.92753172852099 79.39317375421524 79.52705454081297 71.23849631752819 28.28188573475927 19.532272103242576 56.219454878009856 15.1291579939425 92.94819203205407 45.56197973433882 94.33633256703615 89.4881701329723 71.05218851938844 74.60759540554136 71.55518892686814 49.340152577497065 7.164526800625026 80.52086574025452 88.92753482796252 70.49466064199805 32.719487976282835 50.5623581353575 33.268871321342885 49.2529823910445 28.470689454115927 24.92167188320309 27.229913789778948 51.29888583905995 19.859802280552685 77.54371494520456 17.29528931900859 37.77017593383789 99.31171261705458 75.14904513955116 45.94686063937843 22.36234953161329 95.09084736928344 73.83336105849594 29.78921737521887 1.7031872645020485
18.433453678153455 51.74109891522676 95.80309018492699 29.83232201077044 78.07239156682044 39.05058677773923 98.26156629715115 47.52301087137312 48.19988235831261 49.39002771861851 8.621794846840203 54.11040824837983 91.10113489441574 67.25387563928962 98.6866241786629 31.017821189016104 55.3757110144943 31.88869529403746 52.58186520077288 58.394353091716766 55.76014602556825 44.83064080122858 6.050153519026935 95.81574911717325 37.35436932183802 10.247538471594453 50.649652001447976 95.24788230191916 15.31004209537059 50.053474539890885 67.11836270987988 38.86183914728463 83.80963013041764 85.1393248187378 60.1057643070817 5.216904077678919 51.174228405579925 57.85347819328308 88.75447104219347 55.448471079580486 40.81773622892797 50.46614850871265 2.2659834008663893 68.60628791619092
6.050738738849759 89.66497608926147 38.107660855166614 99.2828453425318 80.03286509774625 10.56048204191029 2.2684548515826464 85.13850795570761 37.67097778618336 29.72209225408733 81.24434538185596 35.62968147452921 18.13468753825873 57.61789754033089 42.879153857938945 19.23002409748733 12.939203553833067 76.11956913024187 19.559720577672124 64.58842740394175 16.245321207679808 6.228608172386885 79.29537887685001 96.85741541907191 47.925898362882435 10.87622030172497 88.33563108928502 76.83519548736513 43.24138732627034 44.76561036426574 19.60782848764211 36.33304703980684 84.02298665605485 36.06640393845737 87.21509966999292 90.25418164674193 79.9143609823659 62.170875538140535 54.48098045308143 91.1526432260871 75.23876565974206 66.88655130565166 64.02762911748141 32.50970297958702
96.08527889940888 8.395825535990298 95.24014110211283 66.1277873441577 96.2662223726511 97.31535755563527 6.073862710036337 22.928461828269064 90.92337074689567 39.81906941626221 40.129130822606385 38.435564492829144 0.6487124133855104 3.004328557290137 43.00216934643686 5.13240194413811 33.33056587725878 37.218300881795585 44.52510918490589 71.11896646674722 72.74658735841513 34.93677249643952 25.53148763254285 33.647909900173545 65.24268719367683 22.59542711544782 9.67280874028802 2.2283657221123576 69.59284858312458 49.51465427875519 42.946182610467076 27.511170762591064 18.392940587364137 4.844034090638161 26.86784635297954 25.527867418713868 48.89360147062689 33.60399447847158 73.83388893213123 12.873798329383135 8.143307850696146 5.422097072005272 50.94319409690797 3.6582058761268854
41.033433843404055 31.22216851916164 26.068350207060575 16.707379231229424 31.64406956639141 40.088141011074185 93.37387082632631 28.16319039557129 7.228595879860222 30.183030874468386 81.37072306126356 19.218773767352104 30.947420559823513 67.97986312303692 77.65683494508266 66.39161896891892 50.936014112085104 82.87465509492904 23.851194814778864 56.56887067016214 16.47474409546703 30.761349527165294 10.810804483480752 0.6148786284029484 62.6362862996757 23.700771015137434 27.35190475359559 51.891638967208564 94.39293767791241 9.158213436603546 23.061386379413307 85.28027180582285 1.9700248958542943 40.934599307365716 26.6345982439816 26.181090041063726 51.30339276511222 2.1071476163342595 80.1187866134569 24.4739644927904 80.54058363195509 51.340722711756825 77.33925199136138 39.40215988550335
56.421080185100436 69.85719015356153 23.929381230846047 56.078632827848196 85.27328143827617 73.49628717638552 47.025037836283445 72.6067669223994 97.24272361490875 79.0076843695715 22.205894021317363 70.49238225445151 59.340566606260836 17.875831574201584 14.680889318697155 93.99085575714707 35.85870361421257 48.38003613986075 92.55001673009247 74.1835339460522 29.2459660442546 7.6708131935447454 8.843792835250497 31.814352283254266 91.71260904986411 65.75884737540036 37.48956697527319 50.5097076529637 99.18680575210601 50.21463478915393 78.91164014581591 76.03736503515393 52.08336724899709 74.24802694004029 1.1108647100627422 48.8701882539317 14.213084359653294 56.457158690318465 5.476275691762567 27.142211329191923 50.27745896950364 87.06588337663561 98.02589940372854 23.946309718303382
10.542490449734032 98.59971187543124 47.25343661848456 6.2515550525859 28.013346740044653 59.612121316604316 3.2541438238695264 71.12470422871411 71.43940848764032 57.50019424594939 39.15144500788301 8.366664382629097 56.8572303513065 11.905491864308715 61.1192992888391 80.27966956142336 56.93891802802682 17.316705314442515 17.26399303879589 70.9686569403857 69.11154924891889 74.76135538890958 49.6932664886117 63.22578084655106 56.679824157617986 35.653238953091204 24.05037370044738 20.08478776551783 14.252436603419483 63.83848479017615 6.591652170754969 40.14924899674952 86.94515528623015 21.823522448539734 94.7767611593008 6.296476791612804 38.92271779477596 67.54067079164088 56.51171472854912 10.564734460785985 78.33156790584326 10.72145588696003 18.029193044640124 52.46513488236815
36.50524152908474 12.323216814547777 93.6986486427486 80.49499541521072 45.036645350046456 26.92198879085481 99.49177100788802 18.532353057526052 55.713752633892 8.517394191585481 57.549284654669464 2.2112179780378938 80.13754971325397 54.64212344959378 12.323448713868856 98.68913188111037 43.416364141739905 14.611294469796121 35.48388385679573 58.68944046087563 60.79293615184724 5.670064245350659 22.307518450543284 93.59162461478263 57.43074894417077 79.7120212810114 21.609726874157786 41.16322034969926 58.77805210184306 58.02832318004221 54.680293588899076 94.03120947536081 89.67652169521898 82.40532705094665 88.44979156274348 59.884211514145136 16.94607080426067 32.757450733333826 96.10838943626732 26.928464835509658 23.588218935765326 81.67026916053146 9.677539765834808 1.0160058736801147
89.16943182703108 23.96405606996268 94.15821763686836 64.68890511896461 52.53437249921262 87.04824328888208 68.50767645519227 12.104422436095774 40.83308465778828 13.65709446836263 40.02446236554533 32.93771846219897 76.33762587793171 59.2207987094298 46.06917316559702 18.908528820611537 8.86898566968739 2.6021821424365044 9.71245241817087 12.029555928893387 76.58893573097885 92.88083002902567 51.96043229661882 50.44315387494862 92.65782011207193 28.07422063779086 83.84787989780307 69.96085613500327 2.2634839871898293 18.945376272313297 84.60739094298333 68.22461327537894 94.27579874172807 95.25805462617427 19.893806870095432 94.89352516829967 24.158493243157864 89.7053545108065 85.90369285084307 45.036972453817725 28.40885811019689 23.2980752363801 54.87412738148123 78.44889622647315
21.66487721260637 30.75206798966974 47.1687430748716 46.937144291587174 69.69058450777084 22.556268540211022 95.5948578659445 80.22572167683393 76.0068955598399 2.2138999542221427 12.725964584387839 47.3256329074502 75.67270181607455 68.1218984303996 48.540109232999384 90.1429723482579 88.43893641605973 69.43076979368925 57.002820167690516 69.81963783036917 36.30015456583351 92.58236158639193 48.60291888471693 24.848651350475848 12.212476832792163 82.14425495825708 62.65546183567494 76.27103414852172 56.885878765024245 53.30767270643264 33.280097087845206 42.589483642950654 85.3309566155076 15.226443251594901 34.18861208483577 1.512646465562284 73.39913181494921 63.239517621695995 10.80514604691416 27.014592313207686 68.2807119563222 96.36022257618606 76.11519081983715 59.97592743951827
81.36657937429845 46.980020334012806 49.42364837042987 13.542131963185966 51.50659948121756 57.67145440913737 14.965955936349928 49.606649042107165 6.125689460895956 45.19790904596448 95.17856689635664 75.78851205762476 72.16840710025281 9.327361918985844 70.73448533192277 30.141726974397898 56.029039761051536 6.6114305052906275 95.65243239048868 93.76793093979359 41.44182906020433 13.250779756344855 22.10845733061433 91.6582032572478 0.18165193032473326 99.09779846202582 13.184662233106792 27.459146734327078 74.81066498439759 18.604840524494648 41.968059609644115 84.07420290168375 45.499958377331495 63.92025202512741 73.3032220043242 47.17810528818518 23.71314992196858 43.19264329969883 49.77888714056462 22.70081287715584 3.719498380087316 52.00676133390516 78.77296169754118 72.97452001366764
87.51451065763831 75.92086638323963 63.56896481011063 54.00513559579849 7.919172360561788 72.53389859106392 65.9257615916431 58.48916235845536 65.14935221057385 51.22343343682587 54.712162842042744 69.90337674506009 48.80722083617002 5.162556702271104 85.16048616729677 23.629860626533628 68.01519193686545 8.41134893707931 62.633656593970954 70.82326107192785 40.4793496709317 47.121705883182585 96.7535300180316 68.28490397892892 98.08050149586052 9.197968523949385 39.37795953825116 66.79452101234347 3.4667895641177893 97.21241740044206 37.265983573161066 14.958473481237888 6.435092422179878 20.518523850478232 50.21180873736739 2.245961665175855 83.37296422105283 6.748680304735899 79.2183083947748 93.90937304124236 95.50009649246931 66.62565902806818 65.11887609958649 3.229742404073477
69.12023688200861 35.98957124631852 7.535882433876395 62.16677320189774 52.032867167145014 62.550170230679214 69.68641374260187 44.316479098051786 38.47374122124165 89.59073969163 26.471500331535935 95.82792448345572 63.06544318795204 80.65364661160856 97.81515037175268 25.582756148651242 58.829169534146786 89.13710557390004 33.61555701121688 4.9985588528215885 9.72785190679133 87.80492446385324 2.482939697802067 85.52399296313524 98.16443896852434 27.07715320866555 20.291049452498555 29.150714818388224 87.1247713221237 65.16612456180155 61.72816785983741 72.0597799634561 52.135866158641875 8.548810170032084 34.30794735904783 73.09214293491095 42.431232682429254 35.07803643587977 48.25879125855863 91.40677589457482 67.96397857833654 91.66286014951766 95.33261163160205 67.24362904205918
99.78850788902491 88.44255078583956 27.10766966920346 67.84704509191215 83.09200867079198 62.66217704396695 14.08866096753627 31.811801646836102 65.64413234591484 57.641072291880846 68.62355531193316 94.8959051631391 65.07685538381338 40.68250609561801 4.582731099799275 28.5172596340999 65.49089399632066 5.57444472797215 17.880765558220446 82.42455739527941 98.83617260493338 31.327561615034938 40.271395118907094 94.677813234739 50.62982419040054 60.826008138246834 81.19533525314182 63.81657309830189 12.333953799679875 93.79347055219114 86.21796711813658 13.550859014503658 26.6993619967252 74.13539425469935 58.268850995227695 5.738639226183295 59.634781163185835 9.799976483918726 95.88016574271023 21.383794210851192 73.89414766803384 9.975435910746455 63.63785210996866 73.88393045403063
57.47017932590097 83.08998858556151 4.78498381562531 71.71591424848884 18.848116835579276 42.97254562843591 86.77165312692523 86.27843824215233 12.082547531463206 60.55944205727428 83.57383406255394 26.810797373764217 1.7460017697885633 80.64421324525028 88.3641452062875 18.749901745468378 59.29973272141069 60.82857220899314 38.603882980532944 32.61938034556806 26.023131515830755 91.74429464619607 41.908690123818815 31.243216549046338 11.472597834654152 40.78019028529525 50.57710665278137 10.602718591690063 64.48955358937383 25.526947574689984 59.24279175233096 44.763580011203885 96.49903017561883 73.20068010594696 12.863217829726636 42.89920558221638 64.56848231609911 65.01577184535563 31.87449434772134 7.630721991881728 66.75395630300045 51.91823581699282 0.44133374467492104 65.13631725683808
96.60345695447177 84.47314139921218 68.56875673402101 11.860100156627595 38.99423505645245 62.11554554756731 52.804867387749255 83.40433633420616 70.88941866531968 56.70338007621467 77.94689629226923 90.4934034915641 96.68494425714016 42.19537223689258 4.78338124230504 32.95318072196096 41.75803204998374 91.42146103549749 13.779195002280176 54.870565491728485 93.29624106176198 29.13856697268784 87.11831464897841 27.60618820320815 36.2629386363551 20.68953034467995 39.71679131500423 77.53073654603213 75.15289995353669 22.48988039791584 86.58867981284857 79.25194134004414 21.129670995287597 74.88300064578652 37.41989459376782 87.48640834819525 87.69026356749237 60.50643315538764 41.46762588061392 71.79771577939391 14.567157509736717 45.454836706630886 46.96149893570691 9.405068075284362
54.808271676301956 11.35728876106441 83.89404155313969 90.71039762347937 4.96734669432044 75.20344487857074 10.408821213059127 77.2911160485819 47.77026232331991 99.3092232150957 50.38880677893758 15.266873361542821 67.38873943686485 98.84341016877443 64.74857572466135 26.77505703177303 63.80147624295205 22.24667649716139 9.120373777113855 42.93399415910244 96.30497065372765 78.72457131743431 4.790376592427492 80.56030860170722 3.5757314413785934 81.8345561157912 75.42425361461937 20.737087330780923 3.3500709338113666 93.66087941452861 90.23650577291846 79.0599204832688 55.67212272435427 82.35557072330266 71.2125989375636 61.362951854243875 70.94064292032272 58.52287374436855 71.7837197240442 71.65441007819027 36.81736458092928 19.518570485524833 10.961958137340844 48.6804730957374
41.823006817139685 68.54419119190425 59.940304700285196 29.398372815921903 54.912938829511404 67.91705179493874 56.2745799543336 46.37038444634527 65.39381355978549 49.74396547768265 96.04322256054729 48.60247599426657 25.800357945263386 79.448605584912 53.401929745450616 45.205968245863914 73.2551992405206 89.17023120447993 42.83955888822675 12.609234405681491 40.11045582592487 73.29880716279149 85.60463292524219 48.2502662576735 67.75001934729517 28.16630930174142 55.202162778005004 94.78271894622594 25.526059023104608 40.06574193481356 79.01745105627924 71.5452452423051 57.97265451401472 40.26440989691764 64.45028495509177 45.89808154851198 39.04736975673586 34.38696381635964 84.57402987405658 67.21653304994106 36.61207815166563 31.742956885136664 33.81859997753054 48.25005379971117
