public/data/projects/hmf/hmfheatmap.asc
ncols 320
nrows 240
xllcorner 4.1
yllcorner 51.95
NODATA_value  -1
[rows 120 to 139 of 240, columns 44 to 87 of 320]
58.95500434562564 55.83069452550262 38.03066674154252 86.88502029981464 20.777742168866098 21.804198063910007 18.922315747477114 49.79847655631602 46.163568925112486 22.034774953499436 80.1568812225014 17.746676271781325 81.92170124966651 47.48491933569312 55.9144951403141 48.01235275808722 67.77200326323509 40.77532649971545 83.53125951252878 78.55456813704222 47.48916607350111 37.52331773284823 50.739140273071826 25.93617718666792 28.568574250675738 79.24949554726481 50.144702941179276 7.893295446410775 3.774803946726024 38.3499946212396 49.99760433565825 55.52805287297815 60.75817379169166 72.0328129362315 56.65999446064234 80.42542443145066 69.31358380243182 36.40574861783534 90.74326870031655 97.15731351170689 70.8589670015499 10.256380564533174 24.937098403461277 97.33463765587658
85.57074209675193 37.61946938466281 94.44591104984283 68.13774805050343 28.82149857468903 57.78437464032322 44.58455767016858 49.72954988479614 15.200955420732498 84.20827127993107 59.1567768715322 92.74691587779671 26.14378542639315 81.70173927210271 88.12431746628135 99.72076369449496 62.1106019243598 59.46577761787921 71.52241233270615 39.91992250084877 50.55720005184412 52.71532430779189 57.04017642419785 25.498550734482706 34.47355495300144 49.00694531388581 99.43478964269161 6.679383618757129 45.61507166363299 33.509299461729825 67.21221921034157 40.029132505878806 30.20656907465309 30.581377586349845 68.22005382273346 96.87719729263335 2.5290010264143348 13.369487831369042 29.795450321398675 95.11454496532679 16.063050529919565 40.74565474875271 46.58624522853643 40.256239217706025
97.76332438923419 77.12551476433873 73.03919913247228 91.30493679549545 31.50457632727921 29.544945154339075 88.20209545083344 88.46222434658557 81.57079266384244 39.271899056620896 88.40527387801558 50.18024223390967 70.6904501421377 43.54486805386841 17.883014772087336 20.382518717087805 77.31659673154354 18.209851370193064 44.66558597050607 24.46809981483966 60.741108865477145 60.85979021154344 16.743640461936593 1.4945191331207752 38.4603263810277 30.205535795539618 2.637399872764945 48.34980312734842 33.17731390707195 97.94775191694498 6.029679486528039 25.26668608188629 38.67761311121285 43.392056110315025 57.91548953857273 14.589190296828747 54.31032320484519 96.7624748358503 35.332259722054005 57.64215993694961 87.79677671846002 78.10772841330618 87.76429872959852 5.99368242546916
15.87655229959637 57.66505047213286 95.11834143195301 78.75469219870865 54.69579303171486 74.85044104978442 41.399269411340356 37.72251405753195 25.571716600097716 49.71534570213407 62.36719044391066 67.65719349496067 53.842685162089765 92.81360572203994 35.19139226991683 25.4886377369985 63.39414331596345 76.29672919865698 24.78570642415434 91.85621123760939 49.915937590412796 84.62084631901234 24.348562280647457 25.829315930604935 95.49651013221592 92.87181433755904 92.0924874721095 32.944299024529755 0.709054060280323 74.44565922487527 35.974057600833476 6.372211175039411 98.32513241562992 94.01975474320352 81.5905099036172 98.45229499042034 98.1753128580749 23.215196654200554 88.44266042578965 6.041857041418552 42.74298294913024 56.50842012837529 48.71961351018399 5.8050691382959485
27.766503393650055 32.44327667634934 59.20856960583478 13.900429708883166 19.42426764871925 98.9389427471906 57.27127902209759 19.977450487203896 97.58039806038141 72.10259044077247 32.3230535723269 97.98913199920207 48.60761761665344 8.870480954647064 38.2856861455366 68.40080758556724 72.87651675287634 72.67581324558705 42.37608169205487 44.545627385377884 57.70062308292836 35.77249424997717 70.23534942418337 41.12402193713933 84.36532085761428 99.98279283754528 93.0697210598737 69.83434183057398 21.33809244260192 41.38182895258069 92.86170036066324 84.62293790653348 63.67496894672513 82.21043206285685 59.812503890134394 22.18349005561322 80.04861387889832 64.46463267784566 4.447075049392879 86.52905123308301 1.3363527366891503 96.45327625330538 35.905292513780296 74.40528783481568
38.72786373831332 57.458022655919194 59.828090225346386 90.48936252947897 36.67659310158342 93.6333687743172 4.196817264892161 82.65095222741365 94.2995999706909 39.41234222147614 22.974838479422033 25.442591216415167 34.683435945771635 45.59220958035439 28.539831470698118 61.93640159908682 3.560281079262495 1.594575447961688 50.59848988894373 84.98434349894524 72.29730223771185 22.830853797495365 48.400733806192875 46.616755495779216 92.59440694004297 71.533710998483 69.12557822652161 50.033420021645725 96.76130849402398 6.6440819296985865 12.113621621392667 88.88291807379574 53.838873375207186 16.117935488000512 19.808002142235637 32.472218526527286 52.22681276500225 48.353243502788246 1.843974832445383 47.312564519234 25.07341899909079 83.57272630091757 17.048344830982387 82.55028664134443
63.11960874591023 48.865320067852736 48.737006285227835 33.841920155100524 65.60002318583429 60.36226188298315 49.299694923684 88.78468107432127 75.81486348062754 65.61746450606734 2.049317001365125 66.12733942456543 70.629165857099 47.468142746947706 50.180129637010396 59.42832105793059 80.45017144177109 10.260242712683976 10.109416604973376 67.15150692034513 33.127901051193476 95.23790224920958 45.4205367481336 36.38887268025428 81.54218050185591 2.2259197430685163 34.341972786933184 76.60826765932143 29.158365167677402 40.17762984149158 88.36244102567434 80.10549861937761 0.6000877125188708 34.097188198938966 46.7937795445323 80.00338666606694 73.39903810061514 84.8342361394316 54.92156567052007 48.238385817967355 39.21517520211637 61.306259175762534 44.20892132911831 82.84469922073185
90.83220690954477 8.909308747388422 37.69224851857871 66.40060457866639 5.0098721869289875 38.84086941834539 81.56062136404216 33.03836837876588 3.5297682974487543 43.41412209905684 33.40771161019802 50.841786758974195 68.08147097472101 98.89616123400629 0.33360461238771677 24.736269819550216 90.5861379345879 60.253633465617895 75.339170335792 74.15109442081302 46.767463465221226 23.327324585989118 82.64609121251851 89.51676420401782 90.55543653666973 27.843539277091622 29.018793255090714 95.69507169071585 70.25729124434292 42.77261858806014 96.89614872913808 25.667956727556884 99.2258382262662 31.170650431886315 6.684452923946083 9.369922382757068 23.043636814691126 55.19960504025221 38.348963763564825 36.63432244211435 8.963037026114762 13.198645738884807 50.266500073485076 90.64833282027394
44.882603688165545 40.20836055278778 42.91995465755463 57.25371157750487 74.42774376831949 21.39018001034856 78.03951115347445 31.472853827290237 75.66365478560328 98.69189749006182 15.865924512036145 65.2227935846895 60.0539073580876 64.34220890514553 98.01933569833636 80.13743350747973 81.00018904078752 47.644974989816546 44.37892169225961 60.385924810543656 56.13599817734212 40.74355473276228 2.5874068262055516 43.366872519254684 80.2891701227054 17.12426554877311 57.227551308460534 99.6325230691582 85.44902650173753 49.312293133698404 15.778954280540347 83.47636694088578 81.25961024779826 25.534303416498005 1.4150922186672688 10.276487260125577 63.48117485176772 67.78339673765004 37.61209237854928 51.9956590840593 68.00416852347553 23.633753112517297 18.31860840320587 83.22003793437034
75.62043908983469 37.92750558350235 49.05130518600345 98.22158727329224 34.9728039233014 65.30613866634667 78.44821473117918 16.663765953853726 48.21927263401449 71.04029969777912 43.160136067308486 85.05694780033082 63.29523595049977 31.941501051187515 17.666957224719226 38.05478569120169 16.571013280190527 58.89849055092782 24.6792457299307 61.257501621730626 59.838815312832594 84.11649230401963 20.739889587275684 60.76490990817547 72.50922480598092 40.279445704072714 43.566216295585036 94.67774494551122 51.535668573342264 2.7131588896736503 29.797717393375933 47.206854238174856 34.46485553868115 89.9102923925966 75.29273089021444 29.4501889962703 94.53058857470751 79.02718186378479 79.11068685352802 60.470604756847024 6.341260811313987 27.32131304219365 96.88378339633346 1.323435828089714
1.9809132441878319 29.219316178932786 20.110633177682757 83.37242158595473 84.15181280579418 59.98128929641098 76.50575949810445 92.93532213196158 42.3552616732195 64.95745126157999 80.3224713774398 28.3191857393831 9.821953601203859 72.42845734581351 68.14913342241198 42.85683217458427 9.45376274175942 46.13247443921864 60.70283611770719 79.03102445416152 24.826161796227098 35.421397467143834 33.52492297999561 39.52351030893624 14.599669235758483 41.83102224487811 6.928409053944051 14.157680794596672 54.501337674446404 35.593680827878416 50.49795499071479 78.57331507839262 68.54039381723851 87.51534244511276 18.971520848572254 75.75836300384253 28.48338079638779 52.306078327819705 77.85808050539345 93.61058871727437 2.8533129720017314 44.92797974962741 52.237597247585654 44.36143087223172
40.29653419274837 30.376203753985465 84.44154621101916 72.60445086285472 80.02418733667582 38.15020096953958 66.95702245924622 19.357792427763343 30.53712777327746 67.39827827550471 95.62580322381109 42.794473422691226 89.03747536242008 40.95066536683589 53.215174307115376 78.20083699189126 56.45902291871607 50.591236050240695 62.52113550435752 46.56882819253951 43.61992401536554 59.315095003694296 42.78708565980196 41.48877852130681 52.085668803192675 92.25589167326689 65.46357704792172 27.901550917886198 67.55660839844495 28.594987513497472 85.9081860864535 10.75957678258419 7.902603456750512 85.51959178876132 17.12079111021012 3.6435386864468455 74.89234206732363 97.67862188164145 47.95270615722984 6.309950235299766 73.64607560448349 21.438155160285532 30.683801765553653 9.084170195274055
69.2464099964127 5.437582777813077 42.870492208749056 39.80435209814459 79.30576214566827 71.16531527135521 7.663168595172465 82.81808269675821 94.0180575242266 49.812466208823025 41.940258094109595 69.93897990323603 5.571299861185253 64.08164822496474 78.5467297071591 4.579580947756767 83.91114028636366 18.98381265345961 94.86063937656581 18.6526654753834 27.855306724086404 29.32952039409429 8.06408179923892 79.3457344872877 5.244964826852083 79.18850285932422 43.264086032286286 58.08574764523655 95.85313282441348 39.45951622445136 76.26157368067652 85.43409153353423 95.27768578846008 75.11169093195349 84.55876486841589 3.305128775537014 13.383345305919647 77.61305482126772 53.535090130753815 38.21035760920495 32.62071292847395 53.42620727606118 72.50856957398355 38.260340224951506
53.162911953404546 28.944374341517687 54.591628862544894 90.35685628186911 41.72678114846349 56.98096884880215 77.03416657168418 38.63454726524651 87.31012251228094 96.6793842613697 31.273575220257044 76.77303911186755 99.5676647638902 7.827440742403269 34.37307635322213 28.38031768333167 97.64286687131971 2.3905796464532614 10.02499908208847 24.337228713557124 85.21313744131476 91.81138786952943 68.70272464584559 34.89963738247752 36.62952759768814 25.4802861250937 98.71884225867689 97.26829905994236 53.88847223948687 26.308860001154244 42.26429893169552 23.442457453347743 72.28757543489337 40.830019069835544 75.19077861215919 0.18181120976805687 94.56742033362389 31.253154831938446 18.540462921373546 74.49934771284461 3.785471525043249 49.25559756811708 75.38223178125918 41.449200198985636
48.68413975927979 79.60839057341218 48.41593727469444 37.352441158145666 69.6949812816456 2.4540517013520002 57.82198302913457 25.119061837904155 11.813029646873474 74.18161388486624 79.52194814570248 87.26869516540319 65.1151480851695 26.373416278511286 28.351374459452927 72.72234987467527 82.9852580325678 38.191919727250934 10.584918479435146 30.943028791807592 83.0702438019216 39.83503286726773 40.59721501544118 56.989211100153625 14.281950681470335 96.71204658225179 16.437425487674773 81.5276363864541 21.62121634464711 34.24249340314418 93.68903555441648 21.45579350180924 66.33663668762892 45.05699493456632 80.67704297136515 5.5347008863464 6.757528055459261 22.874147887341678 0.6930501665920019 96.55845591332763 34.028265229426324 35.1714433869347 24.15446152444929 90.73960480745882
83.95058889873326 30.967302480712533 43.4400956844911 8.653970900923014 30.216563609428704 87.0184691157192 39.647364406846464 57.75655226316303 52.35318674240261 38.772002607584 56.56305707525462 38.04377890191972 34.689967264421284 59.10537890158594 71.24058147892356 77.68677528947592 90.0087874615565 75.43747934978455 43.0793093284592 28.15129542723298 73.300124052912 82.31377843767405 33.24832101352513 72.82604717183858 55.12219371739775 48.95356949418783 42.20914274919778 39.25587444100529 74.94934524875134 25.40573722217232 61.19297749828547 4.550658282823861 56.41722595319152 87.51558875665069 15.636887541040778 35.40880121290684 10.902713146060705 80.09988095145673 96.75504979677498 4.869325528852642 16.12523030489683 16.383115900680423 68.93832636997104 50.93305667396635
23.199305147863925 79.46108703035861 72.77863752096891 14.976008026860654 18.832549918442965 52.246280992403626 2.2515350952744484 93.97888705134392 39.858517749235034 56.2714952044189 83.62774318084121 16.049141064286232 62.47023148462176 29.183715069666505 76.47254983894527 6.719400221481919 54.59960466250777 21.80142046418041 73.20396043360233 47.33723129611462 84.89097857382149 93.19212546106428 66.61012880504131 89.3687319708988 17.519704019650817 85.22896456997842 65.05170133896172 97.83662101253867 6.452551344409585 45.94858924392611 30.973913776688278 70.54200861603022 69.63602702599019 38.63284261897206 57.763212034478784 62.12039010133594 40.50340510439128 84.91291156969965 76.47514650598168 49.562847963534296 25.21088570356369 60.23700307123363 54.72692286130041 19.98711433261633
12.228531646542251 93.8220155891031 8.908112160861492 38.514329749159515 95.1508623547852 78.74135554302484 7.100680866278708 33.12350786291063 96.18374658748507 75.096330139786 9.691695496439934 46.812099777162075 3.4293663688004017 31.43766901921481 94.85928809735924 94.56762904301286 57.30003104545176 41.49578239303082 66.12433751579374 26.45817780867219 41.767405066639185 54.7038231510669 2.23198551684618 37.00419075321406 84.34462023433298 41.198666766285896 8.803813764825463 25.735841947607696 13.012556079775095 98.46619439776987 26.91267696209252 49.119928665459156 33.21320312097669 30.92786727938801 14.179304777644575 46.26480364240706 55.51241284701973 84.61560460273176 15.842568594962358 48.67574963718653 24.29268655832857 98.01070811226964 31.560915964655578 49.3184715276584
70.78519004862756 48.32517534960061 11.740692146122456 87.5207806006074 85.88056284934282 31.76245770882815 77.51270157750696 42.8267591400072 61.79703874513507 3.9360821014270186 69.40985303372145 48.5918358201161 25.891252676956356 30.141238099895418 43.692746199667454 75.35234035458416 89.68770380597562 69.84821343794465 68.01270365249366 66.1036231322214 48.59091145917773 97.4713138770312 99.13972017820925 10.27469728142023 62.855996494181454 88.02914575207978 61.304452270269394 30.126119568012655 78.32008693367243 96.01018384564668 78.72066062409431 49.685699376277626 54.268633225001395 63.6050081346184 8.326119999401271 20.770901907235384 90.14512726571411 8.31113732419908 52.956075267866254 92.24912279751152 55.657257535494864 10.868089413270354 52.904270868748426 57.55775258876383
95.71993716526777 52.26856644731015 8.567210217006505 64.48432344477624 42.43222379591316 60.220823413692415 84.34773329645395 2.6083093835040927 40.52556313108653 53.702351986430585 54.282553400844336 12.31453139334917 33.51933644153178 50.6321323569864 99.02237474452704 78.9958359207958 2.601935202255845 29.006153531372547 68.6573134502396 92.27170285303146 72.65043873339891 7.526723947376013 7.183544430881739 99.15688913315535 88.06173119228333 76.54684835579246 43.47531255334616 53.9610390085727 4.554540058597922 9.450592822395265 80.57201888877898 97.43856627028435 30.19431026186794 26.28198517486453 68.04934723768383 14.395561767742038 63.12446668744087 31.20339447632432 2.007041499018669 86.33484318852425 6.69172084890306 62.10426432080567 23.826170503161848 83.1570589216426
