public/data/projects/hmf/hmfheatmap.asc
ncols 320
nrows 240
xllcorner 4.1
yllcorner 51.95
NODATA_value  -1
[rows 200 to 219 of 240, columns 220 to 263 of 320]
23.14131350722164 21.515708859078586 19.879700941964984 27.000521472655237 23.17218785174191 98.53559576440603 95.24174078833312 18.438278953544796 48.82605483289808 21.143164508976042 14.116327068768442 15.5985192861408 27.42510784883052 70.218869112432 36.20098300743848 4.4382872292771935 13.683190010488033 97.70889105275273 81.34592066053301 70.09950731880963 5.131513671949506 13.273898372426629 24.791407329030335 84.56278906669468 71.9961492344737 2.9299273854121566 42.07331584766507 78.06092444807291 49.837305885739625 77.73495353758335 64.49130757246166 99.01996781118214 27.7853075414896 85.90579282026738 83.0254235304892 57.12011510040611 91.9514455832541 92.04226569272578 24.80898213107139 8.861999842338264 66.66819720994681 11.608062544837594 99.0574479335919 1.0256577748805285
33.917965879663825 40.4264199314639 74.06251016072929 41.48873672820628 60.68894951604307 30.1497699925676 90.8236954594031 53.55207999236882 44.47298818267882 40.21906876005232 35.38943624589592 60.015575494617224 68.34412610623986 60.925596579909325 1.8354736268520355 85.70128146093339 89.33232703711838 62.49328558333218 62.01867302879691 98.52849068120122 68.37141122668982 39.218296459876 21.868483116850257 79.48301390279084 57.57516915909946 89.43181249778718 70.52135567646474 0.555648491717875 33.6231765570119 18.18667722400278 92.46029774658382 42.691520345397294 44.88876974210143 47.8971284115687 73.85750124230981 56.990353064611554 50.94304585363716 17.84618345554918 62.13883950840682 59.66126017738134 93.01429996266961 40.81117382738739 50.754829798825085 1.9565896829590201
20.9322675364092 10.204204567708075 75.80649864394218 78.92987600062042 13.215854321606457 99.65442738030106 58.50269042421132 22.032996476627886 56.04007684160024 96.96078395936638 12.315882183611393 72.77368358336389 86.45705950912088 27.08789724856615 9.650935372337699 90.79047171398997 42.65715654473752 11.663543060421944 82.86972634959966 30.51251247525215 44.68643597792834 85.50392584875226 24.612724338658154 85.577806038782 67.1591741964221 91.44817350897938 15.976230939850211 71.57719018869102 18.372880667448044 59.31675643660128 63.35174927953631 42.789128492586315 97.62350893579423 48.70381236542016 42.000302486121655 70.09767785202712 66.79436266422272 11.917480383999646 83.9473054278642 53.76953016966581 76.73923333641142 0.5007605999708176 44.91608247626573 31.498433533124626
43.47965668421239 38.96661994513124 75.6059714127332 82.82441280316561 22.756216186098754 3.2281432999297976 93.28850803431123 77.37307641655207 56.1978864017874 45.88114337529987 34.149716258980334 22.155812452547252 77.77920626103878 54.71341453958303 77.2091357735917 74.33252008631825 21.161693963222206 51.27398369368166 50.49304247368127 0.3516593249514699 41.559666697867215 5.944223748520017 69.10264794714749 19.31329311337322 33.29128520563245 25.819230219349265 5.374661786481738 2.947851619683206 26.372607867233455 83.73594377189875 61.14587881602347 67.73965591564775 39.13415870629251 81.04537483304739 34.19984758365899 39.71266208682209 26.22475556563586 25.226742820814252 28.931126883253455 26.813599281013012 41.73662674147636 4.5689045218750834 81.20360029861331 85.89632115326822
85.95935092307627 41.53177610132843 34.28656866308302 97.00375208631158 76.65568131487817 26.76920846570283 57.03054622281343 53.290020558051765 30.691555910743773 82.91709059849381 88.60692158341408 93.71899517718703 59.132808819413185 82.68971359357238 97.20402550883591 93.99199050385505 86.073626880534 27.516048634424806 12.791589531116188 37.28606754448265 49.38461370766163 95.57341895997524 74.9327992554754 38.2715841056779 38.97127746604383 56.708484422415495 51.70054463669658 63.51967533119023 66.96945824660361 73.94211571663618 75.37624989636242 38.19478077348322 63.51406036410481 53.20828633848578 46.84914059471339 3.1914642779156566 39.63899281807244 69.62512934114784 37.549583334475756 24.52623611316085 4.223647457547486 58.84721416514367 13.39992037974298 95.5207493621856
93.96504354663193 78.34996141027659 63.80529354792088 18.970236694440246 41.72473940998316 82.31939186807722 7.096397900022566 51.57172221224755 38.8964629964903 12.299905600957572 54.17058798484504 92.57690501399338 70.98435636144131 64.94692689739168 95.61834689229727 4.560897289775312 58.469083602540195 90.61593681108207 19.765003281645477 82.64227197505534 33.51420070976019 59.9345984403044 9.714735997840762 55.313837924040854 98.0529710650444 82.90825847070664 42.06872151698917 17.53064594231546 64.79690070264041 84.7756079165265 7.114116498269141 82.3869998799637 35.59666632208973 13.193396222777665 75.0590578885749 99.0707251476124 38.57529473025352 20.419940818101168 70.80070695374161 16.19137970265001 45.03043722361326 99.18376707937568 93.6840025242418 29.27695526741445
26.04844458401203 67.52235656604171 22.830549906939268 47.08567715715617 59.1310148127377 42.34922064933926 45.61091712675989 60.78773320186883 92.02539317775518 13.607432530261576 46.22501430567354 40.05361110903323 64.61909459903836 72.11514948867261 43.34742431528866 69.27945213392377 93.43784875236452 91.68232334777713 32.48042573686689 37.06970338243991 75.66544672008604 55.25465395767242 43.24390380643308 93.85203260462731 40.161926159635186 31.04508533142507 34.48473538737744 43.114907294511795 49.650588212534785 11.705497349612415 55.1189283374697 77.11577520240098 96.23587992973626 50.10653496719897 24.776728660799563 19.58099112380296 35.625488799996674 18.635232117958367 81.42029831651598 96.41374163329601 42.6358985947445 28.047600807622075 2.3888494819402695 63.36605397518724
54.14732312783599 60.095500806346536 31.620576744899154 11.840674048289657 71.17888783104718 36.70685968827456 38.552750926464796 90.5893036397174 19.078019843436778 74.90443151909858 22.016945690847933 85.4369364446029 7.866320898756385 45.786251849494874 15.134860598482192 72.61347584426403 98.51384251378477 23.68051593657583 79.57162857055664 81.25871401280165 96.94850291125476 99.16109787300229 95.29288040939718 54.00483093690127 16.6464202105999 38.8658546609804 52.45848938357085 31.874537840485573 4.175274423323572 80.49915914889425 75.4305264679715 30.416020588018 9.409619960933924 44.874262204393744 63.62364748492837 35.8795607695356 25.188177288509905 43.79743186291307 72.28933637961745 73.94171804189682 76.84014830738306 21.81626600213349 54.4372794451192 9.725528140552342
47.81783607322723 34.719132096506655 84.51425423845649 94.35657237190753 57.85507722757757 28.147168597206473 94.82935769483447 70.942189428024 95.2409174758941 10.847031977027655 78.63226544577628 30.584059399552643 36.56589384190738 68.80605441983789 62.9763244651258 77.54727972205728 84.18118297122419 81.0997007181868 37.011682032607496 16.089924378320575 92.45784573722631 14.604111458174884 11.417520861141384 45.78522213269025 88.6001234408468 45.944827841594815 98.55182704050094 76.6223194077611 21.939640725031495 82.81837301328778 97.94554628897458 64.66229103971273 85.87943725287914 97.96231747604907 68.13281215727329 47.25480051711202 97.87091098260134 6.810946459881961 11.182201793417335 6.854768935590982 85.16891673207283 89.16599405929446 63.582818512804806 5.252917669713497
79.91773365065455 11.98426706250757 98.06809963192791 46.103621018119156 62.3620271217078 84.12908862810582 41.52780692093074 51.24820047058165 15.91059670317918 77.5177505100146 48.51092519238591 70.00863903667778 45.40173560380936 99.30730869527906 22.225465206429362 33.72709425166249 94.93625701870769 98.28922061715275 58.10666342731565 68.64183226134628 25.161825865507126 85.11467536445707 3.785096714273095 52.17613724526018 32.578847580589354 86.94362146779895 92.22912308759987 7.357079954817891 58.78227751236409 31.263116165064275 73.76527360174805 74.20718062203377 64.26318811718374 71.30998154170811 17.127865343354642 9.7804413177073 26.535522541962564 29.35706116259098 2.909483201801777 45.180413662455976 91.66585521306843 44.08774566836655 17.781717237085104 4.7663826029747725
80.57104025501758 95.37381201516837 7.004943513311446 4.468447621911764 55.88313462212682 58.434242801740766 71.96855198126286 0.5325680365785956 21.347977127879858 87.38532091956586 39.99045277014375 47.96715460252017 38.044715067371726 32.32447747141123 16.131376172415912 33.982765837572515 87.6963667338714 55.832695914432406 73.44879480078816 86.06684526894242 84.30618206039071 39.393810951150954 90.085608093068 40.48290979117155 7.443480286747217 12.706705555319786 91.11340006347746 75.9565377375111 97.32516699004918 93.06649479549378 14.079731237143278 75.10759339202195 79.68487571924925 31.26404562499374 7.0276097394526005 99.50541546568274 60.6633756775409 78.41240398120135 82.62017448432744 36.974894581362605 56.229310599155724 12.51007984392345 55.54007880855352 70.53831380326301
38.262190599925816 56.286441534757614 30.793657363392413 99.50614261906594 94.7128351777792 99.69265670515597 68.71410275343806 29.648894257843494 69.22790280077606 81.78602119442075 13.115949486382306 84.67511462513357 77.13114526122808 79.48449398390949 0.29119730461388826 49.07219661399722 45.51769176032394 84.4288568943739 56.677721184678376 13.975023827515543 66.7955517070368 23.98930643685162 28.188393963500857 28.325725649483502 5.523856193758547 99.7732282616198 2.291131974197924 22.356391581706703 73.03372398018837 93.70165248401463 52.22078273072839 55.152443796396255 93.51702418643981 18.398273386992514 33.04969517048448 78.73501451686025 79.96873441152275 49.419924640096724 40.0819816859439 88.2181956898421 66.4764454588294 94.49039888568223 73.91212051734328 60.227730171754956
99.24841723404825 46.15470578428358 70.56919161695987 69.02010522317141 51.46714991424233 57.633613934740424 27.165241120383143 4.812028259038925 51.53830747585744 33.01357536111027 27.573704533278942 43.6351828975603 29.204098135232925 56.453230581246316 54.576743161305785 22.81035389751196 58.36189945694059 69.82530655805022 46.72004443127662 69.27686780691147 66.85409839265049 84.64468289166689 41.68307192157954 57.57445695344359 51.52189596556127 44.901824346743524 70.41918297763914 45.0272778281942 59.079960361123085 6.388152553699911 79.79883446823806 48.216596082784235 60.897200484760106 73.5768415266648 98.43349538277835 65.83144904579967 59.89606664516032 30.81641874741763 13.172945799306035 16.093274182640016 40.92362585943192 37.93940742034465 32.086283108219504 24.293372314423323
17.754200450144708 14.873090106993914 60.41785660199821 25.762766390107572 94.90856996271759 0.8880703011527658 37.86136582493782 17.98186870291829 7.071609329432249 93.68640976026654 58.95794881507754 18.84685338009149 11.951368884183466 76.01087423972785 65.96407352481037 47.23653504624963 67.13502537459135 40.7136564143002 82.89228873327374 51.179189467802644 61.757076694630086 90.93284965492785 15.571118425577879 53.34996397141367 92.23839030601084 63.18477380555123 25.571576971560717 56.720730708912015 68.10723145026714 68.21043365634978 42.13253802154213 41.461478802375495 56.69584490824491 32.29257029015571 43.51821888703853 39.62166009005159 78.0927510233596 99.39563691150397 99.37936291098595 30.125039210543036 61.283599003218114 29.03350773267448 80.00991540029645 78.55954268015921
62.440444342792034 76.60309544298798 54.353478318080306 11.660383432172239 31.064795586280525 84.29287057369947 4.169153538532555 84.8724978743121 51.17733224760741 34.79040323290974 78.48426401615143 68.54568102862686 97.53788649104536 15.14054189901799 96.89714240375906 45.57728343643248 70.53894507698715 18.630207679234445 8.490630867891014 79.65019124094397 80.1704088691622 81.20154771022499 79.18397150933743 9.13838748820126 61.22613495681435 5.330457631498575 14.85146339982748 71.83759862091392 22.545280354097486 3.6045358050614595 88.59478994272649 51.80524883326143 70.59316413942724 83.25027062091976 97.11275130975991 43.44963382463902 19.432996213436127 72.13892759755254 43.590072891674936 43.62938110716641 23.564313538372517 73.59074589330703 35.76683460269123 92.07205490674824
52.81497149262577 36.795380408875644 29.172215121798217 76.82818088214844 16.918340721167624 42.208899930119514 30.44270279351622 67.96599607914686 29.914122680202127 56.0398502741009 99.13013756740838 6.2954692635685205 12.608360638841987 30.055884621106088 99.38815818168223 76.11742524895817 15.831353515386581 53.758150222711265 37.90612819138914 57.874926016665995 70.26803870685399 24.94832321535796 33.93730076495558 92.28565623052418 10.70345207117498 91.72831194009632 62.57822865154594 3.326580161228776 92.49736245255917 26.39427362009883 93.5358613030985 40.62538589350879 94.48364698328078 29.24205136951059 58.232609392143786 33.10852968133986 62.64562744181603 97.70999590400606 22.3269896581769 76.56448318157345 55.52925504744053 95.57905697729439 86.6696740500629 57.47388631571084
28.44919713679701 39.53945848625153 88.31985350698233 9.604251570999622 82.28776745963842 48.0272427899763 50.14465779531747 99.30373523384333 40.99430057685822 53.876017476432025 90.73382096830755 36.89566559623927 27.85938079468906 89.37134691514075 61.881663696840405 29.879610612988472 21.598971425555646 34.87113497685641 28.46097096335143 55.895802518352866 85.12749809306115 59.84372072853148 0.7304373197257519 67.00788754969835 44.4568770006299 68.8047009287402 37.63650148175657 92.4620101461187 75.55409609340131 62.147198524326086 13.09595841448754 21.62048218306154 15.416982863098383 55.60931507498026 36.87066121492535 78.00989784300327 13.01240879110992 12.847104342654347 23.71338636148721 33.74648333992809 52.995911124162376 14.548148005269468 10.143985552713275 73.58563041780144
65.91251713689417 15.502315014600754 8.445653738453984 53.44168613664806 40.97361310850829 56.09594446141273 20.100529515184462 25.696260761469603 0.8185567567124963 53.28585042152554 32.693304237909615 50.61928164213896 51.1909520952031 72.97121686860919 73.65995105355978 87.38130936399102 99.3595247156918 69.16881345678121 28.01236684899777 76.92238183226436 94.8066989891231 71.68677810113877 20.89447625912726 36.015939083881676 61.96541346143931 28.33789042197168 34.90956053137779 18.105926807038486 34.699086914770305 18.689763406291604 71.58324944321066 29.16516875848174 48.84052290581167 99.21096195466816 62.4287084210664 9.24966016318649 64.96293547097594 81.26149303279817 47.95273509807885 1.7935102805495262 39.319055154919624 19.316866039298475 80.12032103724778 56.72002451028675
3.3750594593584538 52.48235461767763 34.78501152712852 68.79627266898751 97.41790725383908 41.792624280788004 41.9220119016245 65.10536796413362 48.82819384802133 89.00498382281512 64.86795616801828 69.97269350104034 17.13459105230868 46.97110578417778 66.68318444862962 97.20831273589283 72.12298971135169 89.87263033632189 97.86253976635635 80.97804926801473 39.84791662078351 60.11404595337808 57.825635583139956 96.0054797353223 90.547228557989 92.0704492367804 47.14306201785803 96.1101705674082 58.39836453087628 22.757771727629006 24.019384710118175 66.30446168128401 68.01821489352733 75.1751633360982 5.034202593378723 81.43953278195113 50.32209809869528 27.35151939559728 59.216304402798414 50.057240831665695 34.220355143770576 88.8383774086833 62.08399157039821 88.77447093836963
21.35103812906891 50.36506396718323 81.1455481685698 53.05598005652428 0.5414622137323022 53.701822250150144 43.28181860037148 81.21378598734736 89.12942470051348 2.2156547755002975 71.36061696801335 7.940604933537543 62.469979748129845 26.952760387212038 54.518652078695595 69.2525384016335 28.81396252196282 20.533480122685432 3.972707292996347 18.334981286898255 80.4387474199757 6.374181341379881 38.06946745608002 88.58021390624344 86.17215696722269 86.76822965499014 43.14073761925101 31.73361283261329 43.034314387477934 90.78027666546404 59.25932819955051 65.34363471437246 45.40846012532711 8.071328536607325 21.32763669360429 31.80704319383949 85.1010091137141 58.008775231428444 4.271714040078223 20.919070905074477 57.65457970555872 3.924246970564127 48.17803497426212 24.72199744079262
